 0.71183919449439048        3.6949999999999537       0.10921159104622302       0.60112237839227012     
  0.71287126149314761        3.6475585152895320       0.11354405279514695       0.61639982838911345     
  0.71387734533513469        3.6001921380049353       0.11804435137324751       0.63186784098572546     
  0.71485739063107900        3.5529039464573975       0.12271845369588998       0.64752965196657741     
  0.71581131774050388        3.5056971433534501       0.12757247019633122       0.66338847541965429     
  0.71673902284926094        3.4585750616082258       0.13261265057962224       0.67944749774892321     
  0.71764037806205350        3.4115411668637869       0.13784537889426132       0.69570987222825509     
  0.71851523141861917        3.3645990611613268       0.14327716739696394       0.71217871260593191     
  0.71936340689564204        3.3177524846471793       0.14891464945613722       0.72885708680485872     
  0.72018470422391079        3.2710053248518514       0.15476457023488496       0.74574800728317214     
  0.72097889889211009        3.2243616131905224       0.16083377747693614       0.76285442525037517     
  0.72174574196886998        3.1778255285193358       0.16712920998701433       0.78017922174456689     
  0.72248495989576800        3.1314013997802084       0.17365788457970988       0.79772519829627930     
  0.72319625426507450        3.0850937066628767       0.18042688156053635       0.81549506758436441     
  0.72387930153958513        3.0389070807431620       0.18744332830594165       0.83349144315502466     
  0.72453375276306609        2.9928463037860302       0.19471438132515906       0.85171682946058347     
  0.72515923324356679        2.9469163036910717       0.20224720671254856       0.87017361210108257     
  0.72575534208282722        2.9011221572352559       0.21004895738136917       0.88886404456617296     
  0.72632165175626218        2.8554690850400055       0.21812674927096387       0.90779023721995356     
  0.72685770769610525        2.8099624399221796       0.22648763653614562       0.92695414833863232     
  0.72736302765468897        2.7646077062958776       0.23513858250093281       0.94635756985677155     
  0.72783710110946687        2.7194104894511497       0.24408642999609237       0.96600211654267643     
  0.72827938857338592        2.6743765038643881       0.25333786956949506       0.98588921497008475     
  0.72868932076298942        2.6295115647917999       0.26289940461824868        1.0060200903823742     
  0.72906629773995257        2.5848215699991219       0.27277731614485989        1.0263957572947178     
  0.72940968787176907        2.5403124848661491       0.28297762453572978        1.0470170081237669     
  0.72971882666770049        2.4959903232557767       0.29350604997175400        1.0678844032618902     
  0.72999301544019835        2.4518611266863299       0.30436797105288621        1.0889982615707139     
  0.73023151976945222        2.4079309411905592       0.31556838188800801        1.1103586516675366     
  0.73043356775362944        2.3642057882680731       0.32711184876124355        1.1319653859009939     
  0.73059834795416778        2.3206916394986554       0.33900246411393548        1.1538180124841038     
  0.73072500706078636        2.2773943816535818       0.35124380141955808        1.1759158123291429     
  0.73081264716547423        2.2343197834987993       0.36383886829135464        1.1982577952493418     
  0.73086032261122658        2.1914734660688202       0.37679005720665565        1.2208426944529358     
  0.73086703638137474        2.1488608524600479       0.39009910122821662        1.2436689720008842     
  0.73083173587584505        2.1064871313954345       0.40376702496289274        1.2667348175995314     
  0.73075330804226957        2.0643572124457683       0.41779409724992250        1.2900381521391402     
  0.73063057374693019        2.0224756815031131       0.43217978312224609        1.3135766314917123     
  0.73046228122854384        1.9808467442031925       0.44692269932471379        1.3373476574637271     
  0.73024709860833870        1.9394741904355521       0.46202056181787038        1.3613483770672696     
  0.72998360505952931        1.8983613191926569       0.47747014651405073        1.3855757045427668     
  0.72967028076246132        1.8575109004415031       0.49326723572641767        1.4100263220411327     
  0.72930549522721921        1.8169251184016997       0.50940656928520078        1.4346966901366849     
  0.72888749355106097        1.7766054938429645       0.52588180185354683        1.4595830702079808     
  0.72841438071606857        1.7365528341858152       0.54268544616056591        1.4846815284451007     
  0.72788410327426545        1.6967671704836469       0.55980881634820734        1.5099879448260480     
  0.72729442774703834        1.6572476738118829       0.57724197382350229        1.5354980314487050     
  0.72664291577093088        1.6179925963392205       0.59497365396664759        1.5612073300219915     
  0.72592689448169956        1.5789991767185891       0.61299119690386894        1.5871112251292467     
  0.72514342202897564        1.5402635625444214       0.63128045573565739        1.6132049371037962     
  0.72428924658421623        1.5017807118729569       0.64982569440382298        1.6394835160590404     
  0.72336075760831620        1.4635442843055062       0.66860946497131157        1.6659418266784607     
  0.72235392760997896        1.4255465189988747       0.68761245807874649        1.6925745205747182     
  0.72126424184219795        1.3877780868182390       0.70681332339679093        1.7193759987610007     
  0.72008661354358128        1.3502279342779058       0.72618843878439276        1.7463403433829130     
  0.71881527966463699        1.3128830736736543       0.74571163495580417        1.7734612397465730     
  0.71744367311650337        1.2757283563995128       0.76535383537077040        1.8007318473895173     
  0.71596426278959635        1.2387461676961267       0.78508261437315841        1.8281446441391394     
  0.71436835319981506        1.2019160761511176       0.80486161687770075        1.8556911906914715     
  0.71264582912630725        1.1652143841612053       0.82464981329583087        1.8833618149001368     
  0.71078482522421926        1.1286135379113356       0.84440053542693427        1.9111451899944787     
  0.70770135816963131        1.0738153384146458       0.87384439560996341        1.9530120005120031     
  0.70421571233852542        1.0190627124079836       0.90284767699223334        1.9950212979091424     
  0.70024854477323428       0.96419138445362751       0.93112260604594543        2.0370796888986029     
  0.69568975090417495       0.90898547350765502       0.95828247365823216        2.0790451140484802     
  0.69038001784895231       0.85315317985657146       0.98378087506786582        2.1206877504337567     
  0.68407606788459330       0.79628613054879971        1.0067941596761936        2.1616080279706016     
  0.67637891086746460       0.73779002836356367        1.0259699641282876        2.2010450099830892     
  0.66656754460525336       0.67677328757764710        1.0388137144652181        2.2373587581242491     
  0.65315686037404808       0.61197198717610746        1.0399183717227951        2.2663323518121850     
  0.63756500399042271       0.55680262163068273        1.0233587042638848        2.2758297293055763     
  0.62098816046737382       0.51609686140915523       0.99067424860228781        2.2629433829013021     
  0.61202447097294743       0.50033254546424466       0.96822440460998838        2.2476658852679785     
  0.60475923398775289       0.49035739009843776       0.94810760196394428        2.2315009772791798     
  0.59781203022755658       0.48298219997341979       0.92752379906302473        2.2131202158279555     
  0.59121607933937648       0.47781739709938686       0.90694504201798654        2.1931976919106293     
  0.58494991123079776       0.47448485178863975       0.88659950493149997        2.1721750515603677     
  0.57897717101801838       0.47267717122676833       0.86659120581139026        2.1503391549958977     
  0.57326130322006041       0.47215688142545098       0.84696357590264626        2.1278811997327467     
  0.56776998242132892       0.47274226283903914       0.82773059391271442        2.1049333121351124     
  0.56247586978204633       0.47429346897968183       0.80889194645845230        2.0815902775529147     
  0.55735618748486959       0.47670168369455246       0.79044051494518286        2.0579225284617402     
  0.55239200985282322       0.47988118192104440       0.77236614836246953        2.0339841091498641     
  0.54756757058968719       0.48376361190445349       0.75465759091319795        2.0098177097315695     
  0.54286967000357966       0.48829387041337424       0.73730346619428033        1.9854579430369630     
  0.53828719294365757       0.49342709877825053       0.72029277051191154        1.9609335412509532     
  0.53381072400271645       0.49912646773429947       0.70361510466210386        1.9362688662490417     
  0.52943224251381249       0.50536152112041322       0.68726076704019101        1.9114849747816274     
  0.52514488041353324       0.51210692039651751       0.67122077216770060        1.8866003852219575     
  0.52094272937356878       0.51934147986348245       0.65548683089180670        1.8616316411883753     
  0.51682068626413480       0.52704741551732448       0.64005131170785856        1.8365937333130362     
  0.51277432839302428       0.53520975305689666       0.62490719358451341        1.8115004193778350     
  0.50879981216340597       0.54381585554772771       0.61004801669062303        1.7863644713810818     
  0.50489379015999314       0.55285504213943615       0.59546783412979731        1.7611978687565923     
  0.50105334286053216       0.56231827668711698       0.58116116636637460        1.7360119515165811     
  0.49727592166522477       0.57219791147164700       0.56712295774716104        1.7108175407322685     
  0.49355930145659943       0.58248747306149040       0.55334853724019151        1.6856250366798404     
  0.48990154073976067       0.59318148155060579       0.53983358275397320        1.6604444989605227     
  0.48630094769668419       0.60427529698239690       0.52657408790613192        1.6352857107384495     
  0.48275605090463414       0.61576498823230075       0.51356633052205947        1.6101582289547796     
  0.47926557442015072       0.62764721844760230       0.50080684478578863        1.5850714268312491     
  0.47582841643248480       0.63991914372543846       0.48829239645445688        1.5600345299923077     
  0.47244363040591436       0.65257832409448668       0.47601995903935856        1.5350566439370534     
  0.46911040798946407       0.66562264607564803       0.46398668984205077        1.5101467718040817     
  0.46582806450246872       0.67905025086840409       0.45218990997243785        1.4853138319695309     
  0.46259602588130400       0.69285946954786326       0.44062708523730287        1.4605666703898039     
  0.45941381672248260       0.70704876488876212       0.42929580738004636        1.4359140672871447     
  0.45628104916446655       0.72161667953266961       0.41819377541085651        1.4113647380980809     
  0.45319741328501423       0.73656178605397860       0.40731877995304311        1.3869273356583001     
  0.45016266837505525       0.75188264020849149       0.39666868872022337        1.3626104502981162     
  0.44717663355425152       0.76757774444987925       0.38624142811502060        1.3384225966266146     
  0.44423918074674079       0.78364550604997740       0.37603497186158519        1.3143722120742420     
  0.44135022689830544       0.80008420462477681       0.36604732593874745        1.2904676432194977     
