  -8.6389722842435628       0.42438734912464238        9.2438734912464238     
  -2.5189157512612215        3.9376780683524775        29.560091332470659     
   12.283954009834041        16.496946008285239        26.729956792302985     
   13.446641840011143        18.981635796948925        26.858512861152182     
 -0.25832730447561675       -1.5810446990600717        20.638611333597879     
  -2.7168339885762141        3.0860934712754533        29.018615632055678     
   12.886878422057602        17.859856099628530        26.664960677046857     
   15.352183870694462        23.606236158655122        26.645514129784399     
  -2.4974430581074216       -6.0527084110476066        25.456903352219296     
  -5.9490462942529749       -3.5929710581821643        27.290312627958780     
  -5.5169850842450661       -2.7756358209831240        27.378309974990096     
  -4.9826912918826416       -1.7180527688232610        27.573135226978902     
  -4.2036332583289369      -0.23534065420845673        27.832238363337705     
  -3.0150592580498841        2.3278630317486120        28.673276309347369     
   13.632875962694460        19.340104506104300        26.960186542221461     
 -0.34507082750156792       -1.9914613729589821        21.503857418860576     
  -3.0383298084106820        2.3102646407620493        28.691989155074054     
   13.545209391914574        19.381875605899797        26.598379690648038     
 -0.34710104098724781       -2.0360480288950562        21.605335936467363     
  -3.0188467504734753        2.2297003441252685        28.571750296404591     
   13.637457270655618        19.562029755824653        26.643332088504465     
 -0.40401436636516697       -2.2313536805865986        21.940995936234909     
  -3.1758253120883269        1.8868402934051829        28.450217436410064     
   14.023858705871058        20.431029192079130        26.672389888710050     
 -0.66443227925351844       -3.1278547975287072        23.287036366808202     
  -3.9219438509213211       0.44769280227206726        28.112276995715032     
  -2.3979505024919820        4.0563503044393698        29.543536463545315     
   12.244750991587070        16.303394615300917        26.893718328363843     
   13.240740618155355        18.604656093570327        26.725784914083064     
 -0.17067429188158967       -1.1117448321113415        19.412102935144368     
  -2.3375048977737864        4.0950642761988645        29.491973292735619     
   12.221879686294864        16.242392375709027        26.911262895337870     
   13.171797566987831        18.489766324150562        26.665478096832395     
 -0.14259459051184945      -0.95658790361653345        18.925614771392311     
  -2.3163147254072660        4.4779711299733442        29.847483763393992     
   11.968950451023348        15.697006212144162        26.915228171685406     
   12.792636518148322        17.531730873815935        26.832245346875336     
   14.602426678944644        21.760427272400758        26.710728005255955     
  -1.3466175048895019       -4.3922487076894656        24.458802598782899     
  -4.7963687174788801       -1.3853790140631419        27.604196794174584     
  -3.9838352125862238       0.27471905327750984        28.023435354567226     
  -2.5987158155434327        3.5452384471717373        29.320542065388757     
   12.544439840595052        17.093361819802304        26.684504880150293     
   14.064128407123309        20.351291292011599        26.929726326813423     
 -0.69248368973100860       -3.0465935456777142        23.093575406745600     
  -3.8638568206591777       0.56639629324255203        28.144465096024557     
  -2.2732068256007474        4.4604225488672054        29.763049332008134     
   11.914170550501026        15.719109176018925        26.705975749982212     
   12.782175440253546        17.566238820432911        26.745834801026398     
   14.642788702921935        21.899165789285394        26.646573150156769     
  -1.3654373504966553       -4.5267446224211723        24.614789676885511     
  -4.9198652478738101       -1.5606487370293090        27.639525066363067     
  -4.0692117346913586        1.0742555360964896E-003   27.860056057611768     
  -2.8146598782010956        2.8532226150344164        28.922762535108671     
   13.139959120675144        18.280085129398419        26.880106540845464     
  -6.6394528776257483E-002 -0.64882460981185508        17.808331601911849     
  -2.1548254715908568        5.3355522195181386        30.406949961212092     
   11.374924091937148        14.533789048255775        26.780076974847404     
   11.970676210940015        15.768543457962547        26.779268035269695     
   12.838891590254160        17.654004598796824        26.802928057373542     
   14.895391571482673        22.293239259805478        26.956321799426725     
  -1.5962580996621034       -4.8862163412352730        24.882130019821989     
  -5.1793833275089964       -2.0518572364962160        27.568952040918823     
  -4.4896545529787923      -0.72213170376183777        27.799322891996518     
  -3.4204598347337836        1.3821054806306883        28.296374392067925     
   14.757731025508500        22.243458349160719        26.541031633848064     
  -1.5768470523586187       -4.8382516336802004        24.843951989429890     
  -5.1016204739070936       -1.9908450717996309        27.482857315719851     
  -4.4561284172662852      -0.63236119161296089        27.841816649955909     
  -3.3945719088769089        1.5463239061979892        28.437342791703848     
   14.556148761751608        21.538233949177084        26.879022231434465     
  -1.1575255493219858       -4.1945648612697859        24.363711782756543     
  -4.6823828545938957       -1.0988494378236366        27.724845348747678     
  -3.7602123066656765       0.73426734208136135        28.151497994368434     
  -2.1253559690497403        5.1476680316412633        30.174576739567097     
   11.525964187472850        14.768563780798965        26.901973229027380     
   12.154018684135298        16.103798509494720        26.871605535910579     
   13.127731808139373        18.237209392678672        26.895439171447808     
  -7.7596282141607104E-002 -0.57915048509485900        17.431529985607661     
  -1.9131025173165579        5.6324867462928525        30.714593265760552     
   11.255981646144283        14.252351836767110        26.831631007163757     
   11.770102037705447        15.378899500289632        26.716576657301783     
   12.513651404460621        17.023968684877147        26.670248152546449     
   13.942159566464772        20.175858119610592        26.769769345416890     
 -0.61734069672250869       -2.8695286473668813        22.880368654314026     
  -3.6488556308458091       0.83991321459061674        28.075609680076361     
  -1.8484440777490845        5.7902554487301234        30.665376074520552     
   11.166792677828573        14.020445821235825        26.902962778581678     
   11.624358146059697        15.065940544883995        26.718188990444190     
   12.329586175748712        16.545746302216909        26.782451482968977     
   13.429646992120164        19.086757651898775        26.643427520312216     
 -0.28052386192354245       -1.7031993512644052        20.917773256346106     
  -2.7888112248392267        2.8464337117638059        28.874827920067649     
   13.153325903408811        18.290851567169952        26.908848984655922     
  -6.5994283229594469E-002 -0.66669407611895615        17.895009003664306     
  -2.1714148307678043        5.2920276784490730        30.435547005362167     
   11.421908371372480        14.604368979872520        26.821347974143421     
   12.037620965139638        15.868006659735546        26.846894204931164     
   12.915187396550905        17.823298666870294        26.803605683620791     
   15.234063458252399        23.310969018716687        26.657308831975978     
  -2.2642607087147772       -5.7990933649697185        25.344834563121509     
  -5.7781963223475517       -3.2554808146570369        27.341955545733867     
  -5.3467890150509936       -2.3449505384586207        27.554875289355145     
  -4.6613799775467291       -1.1362082458534473        27.636838897996068     
  -3.7618097153400627       0.67369364825505940        28.084419462569880     
  -2.1550809523225007        4.8823656938579694        29.990155689745524     
   11.695283494889082        15.129428002700669        26.894983603264208     
   12.347872313564356        16.636712255150847        26.706120200886648     
   13.567589983880030        19.276392791204159        26.829133378353461     
 -0.29998972453598888       -1.9207858009260768        21.425345803716151     
  -2.9474445804973568        2.4406524696754497        28.687528027696903     
   13.480355886160947        19.096173164528199        26.805989938213095     
 -0.26421522512631801       -1.7149518045026009        20.983175517924447     
  -2.8183916204336699        2.8263735316333625        28.899893082336220     
   13.085613716928703        18.330717507201967        26.621643614462251     
 -0.10730650092776808      -0.72468203161103917        18.063734290254612     
  -2.1406843797346164        5.0979063286901960        30.163352584724901     
   11.512375114189235        14.840748150284952        26.750312607943282     
   12.141502837556773        16.207265814492182        26.676188123075462     
   13.157988613286363        18.426196393946437        26.714205203034719     
 -0.12693968667908659      -0.86692691634331320        18.616943331365235     
  -2.2697959911980221        4.7118800948668591        30.010573202366455     
   11.819561470818423        15.372784492990922        26.924664468356411     
   12.505460460455154        17.011197491285497        26.662428981557017     
   13.881587428512606        20.143364257093044        26.609217449094963     
 -0.55941882680634436       -2.8393895396458726        22.919418185867467     
  -3.6314102510844526       0.89170392227370787        28.104386512185766     
  -2.0067323940187043        6.1079737422427263        30.980168625530148     
   10.917732345945870        13.582045159920472        26.792494791088462     
   11.407507426622578        14.484479748609509        26.897530686281019     
   11.956999587918759        15.708583949391588        26.824787439057904     
   12.741974698373067        17.554754526396174        26.629639189109263     
   14.618122468848981        21.852042958473213        26.629594720844704     
  -1.4270884123482128       -4.4725340083971794        24.504139973957564     
  -4.8606320929838391       -1.5019132555515469        27.591341753910427     
  -4.0732632958197916        9.3492536203813870E-002   27.976300467047192     
  -2.7020562635804373        3.0711820006408295        28.979633824399446     
   12.980899995297262        17.883120155621587        26.943547456051860     
   15.533845122713767        23.851256095651834        26.940786602012945     
  -2.6673848265007991       -6.2559929605322031        25.625509533439445     
  -6.1365109469435879       -3.8692188757277708        27.358940130397233     
  -5.7442716458284240       -3.1213536999760367        27.435830628382611     
  -5.2479930344261403       -2.1737921547809269        27.559599216176775     
  -4.5368762067730657      -0.89675128315730834        27.681395786151072     
  -3.5860484481609598        1.0768169330231006        28.236350326034088     
   15.983438875894814        25.069092580505124        26.785334953809905     
  -3.7993502958676366       -7.2416789310742278        25.968323264584249     
  -6.8254790078863286       -5.2054262283275516        27.226060733510550     
  -6.5604193960290793       -4.7333574819789490        27.212739761394353     
  -6.2961182171152501       -4.1715466704140294        27.330813127248376     
  -5.9388751991368549       -3.4940887475569036        27.392305168223949     
  -5.4852646326355758       -2.6518467968988264        27.465979637796657     
  -4.8882264068441286       -1.5541217042761195        27.581978318791027     
  -4.1223238362346155        1.3390325804096487E-002   27.973447479360928     
  -2.8249603329338382        2.8793570882776200        28.967109095530216     
   13.071220422435053        18.233656383845830        26.719181730030584     
  -7.6619187535608299E-002 -0.56990060309434598        17.385410241706534     
  -1.6913803176600140        5.7211322376670495        30.754596653553929     
   11.224103608740352        14.213744884527072        26.790317876153626     
   11.763787492335474        15.325609950486559        26.775957958913629     
   12.495769542920261        16.941192857651671        26.735343145098582     
   13.899034400421113        19.967656333519507        26.932083729465162     
 -0.54747193024204621       -2.6585214051563799        22.583532965973436     
  -3.5267067865948030        1.1757097347664212        28.245934808979683     
   15.334395554681922        23.599305587840544        26.591457712585029     
  -2.4880766926270641       -6.0460565192362434        25.466003500018783     
  -5.9516979020636205       -3.5850164391625987        27.306535094589858     
